0 0.55078125 0.533203125 0.55859375 0.537109375 0.55859375 0.560546875 0.552734375 0.56640625 0.546875 0.56640625 0.54296875 0.560546875 0.5390625 0.560546875 0.5390625 0.54296875 0.548828125 0.533203125
0 0.541015625 0.529296875 0.54296875 0.537109375 0.537109375 0.546875 0.537109375 0.556640625 0.53125 0.55859375 0.525390625 0.552734375 0.5234375 0.541015625 0.52734375 0.533203125 0.533203125 0.529296875 0.5390625 0.529296875
0 0.55078125 0.533203125 0.556640625 0.537109375 0.55859375 0.54296875 0.556640625 0.544921875 0.55859375 0.55078125 0.556640625 0.552734375 0.556640625 0.5625 0.552734375 0.56640625 0.54296875 0.560546875 0.529296875 0.55859375 0.525390625 0.552734375 0.525390625 0.5390625 0.529296875 0.533203125 0.53515625 0.529296875 0.541015625 0.529296875 0.544921875 0.533203125 0.548828125 0.533203125
0 0.830078125 0.689453125 0.0703125 0.13671875
0 0.41796875 0.544921875 0.0224609375 0.0419921875
0 0.578125 0.525390625 0.578125 0.533203125 0.572265625 0.544921875 0.5703125 0.556640625 0.564453125 0.5625 0.55859375 0.5625 0.556640625 0.55859375 0.556640625 0.541015625 0.55859375 0.53515625 0.564453125 0.529296875 0.5703125 0.525390625 0.576171875 0.525390625
0 0.3671875 0.525390625 0.380859375 0.51171875 0.38671875 0.51171875 0.390625 0.5234375 0.388671875 0.525390625 0.388671875 0.548828125 0.38671875 0.5546875 0.3671875 0.576171875 0.36328125 0.576171875 0.36328125 0.5546875 0.361328125 0.552734375 0.36328125 0.55078125 0.36328125 0.53515625 0.3671875 0.52734375
0 0.435546875 0.529296875 0.4453125 0.54296875 0.447265625 0.5703125 0.451171875 0.58203125 0.451171875 0.595703125 0.44921875 0.59765625 0.44140625 0.595703125 0.42578125 0.572265625 0.427734375 0.537109375 0.43359375 0.53125
0 0.71484375 0.650390625 0.728515625 0.666015625 0.732421875 0.67578125 0.748046875 0.685546875 0.76171875 0.69921875 0.767578125 0.712890625 0.771484375 0.716796875 0.77734375 0.734375 0.77734375 0.748046875 0.779296875 0.75 0.77734375 0.78125 0.771484375 0.802734375 0.765625 0.8125 0.763671875 0.83203125 0.76171875 0.833984375 0.76171875 0.84765625 0.7578125 0.859375 0.751953125 0.857421875 0.751953125 0.8515625 0.7578125 0.8359375 0.7578125 0.82421875 0.751953125 0.81640625 0.740234375 0.81640625 0.73828125 0.814453125 0.734375 0.818359375 0.73046875 0.830078125 0.73046875 0.837890625 0.72265625 0.85546875 0.716796875 0.85546875 0.7109375 0.8515625 0.7109375 0.845703125 0.716796875 0.845703125 0.72265625 0.837890625 0.72265625 0.83203125 0.7265625 0.822265625 0.7265625 0.8125 0.728515625 0.810546875 0.7109375 0.7890625 0.70703125 0.783203125 0.70703125 0.779296875 0.6953125 0.763671875 0.693359375 0.74609375 0.6875 0.732421875 0.6875 0.70703125 0.68359375 0.69921875 0.68359375 0.662109375 0.6875 0.654296875 0.697265625 0.6484375 0.712890625 0.650390625
0 0.529296875 0.560546875 0.533203125 0.55859375 0.541015625 0.560546875 0.55078125 0.5703125 0.548828125 0.60546875 0.537109375 0.607421875 0.529296875 0.599609375 0.529296875 0.58984375 0.52734375 0.587890625 0.529296875 0.5625
0 0.265625 0.5859375 0.279296875 0.595703125 0.291015625 0.599609375 0.302734375 0.607421875 0.314453125 0.626953125 0.314453125 0.6640625 0.3125 0.666015625 0.310546875 0.689453125 0.30859375 0.69140625 0.30859375 0.708984375 0.302734375 0.720703125 0.302734375 0.69140625 0.30078125 0.689453125 0.29296875 0.69140625 0.28515625 0.6875 0.279296875 0.697265625 0.279296875 0.728515625 0.27734375 0.73046875 0.2734375 0.728515625 0.26953125 0.701171875 0.265625 0.697265625 0.263671875 0.6875 0.248046875 0.658203125 0.24609375 0.63671875 0.2421875 0.62890625 0.232421875 0.623046875 0.2421875 0.59375 0.255859375 0.583984375 0.26171875 0.583984375 0.263671875 0.5859375
0 0.48828125 0.521484375 0.49609375 0.52734375 0.498046875 0.533203125 0.498046875 0.54296875 0.490234375 0.55078125 0.48828125 0.55859375 0.484375 0.55859375 0.474609375 0.546875 0.4765625 0.529296875 0.482421875 0.5234375 0.486328125 0.5234375
0 0.44921875 0.5390625 0.455078125 0.537109375 0.46484375 0.541015625 0.46875 0.544921875 0.474609375 0.544921875 0.478515625 0.552734375 0.486328125 0.55859375 0.48828125 0.564453125 0.486328125 0.587890625 0.482421875 0.595703125 0.46875 0.60546875 0.455078125 0.587890625 0.44921875 0.57421875 0.44921875 0.560546875 0.4453125 0.55078125 0.4453125 0.544921875 0.44921875 0.541015625
0 0.349609375 0.494140625 0.35546875 0.5 0.353515625 0.505859375 0.353515625 0.53125 0.3515625 0.53515625 0.341796875 0.544921875 0.3359375 0.544921875 0.330078125 0.537109375 0.33203125 0.513671875 0.3359375 0.505859375 0.34765625 0.49609375
0 0.654296875 0.5712890625 0.0224609375 0.048828125
0 0.5126953125 0.5341796875 0.0244140625 0.03515625
0 0.60546875 0.537109375 0.61328125 0.537109375 0.619140625 0.54296875 0.625 0.5546875 0.625 0.580078125 0.626953125 0.58203125 0.626953125 0.58984375 0.623046875 0.591796875 0.615234375 0.591796875 0.61328125 0.59375 0.607421875 0.58984375 0.60546875 0.5859375 0.60546875 0.556640625 0.603515625 0.5546875 0.603515625 0.541015625 0.60546875 0.5390625
0 0.9921875 0.662109375 0.99609375 0.662109375 0.998046875 0.66796875 0.998046875 0.708984375 0.99609375 0.712890625 0.98828125 0.712890625 0.984375 0.7109375 0.98046875 0.703125 0.98046875 0.6875 0.984375 0.67578125 0.9921875 0.6640625
0 0.439453125 0.51171875 0.447265625 0.51171875 0.45703125 0.51953125 0.45703125 0.533203125 0.451171875 0.53515625 0.4453125 0.541015625 0.435546875 0.529296875 0.435546875 0.521484375 0.439453125 0.513671875
0 0.49609375 0.546875 0.50390625 0.546875 0.513671875 0.556640625 0.513671875 0.560546875 0.517578125 0.56640625 0.517578125 0.572265625 0.521484375 0.578125 0.521484375 0.587890625 0.5234375 0.58984375 0.521484375 0.607421875 0.509765625 0.623046875 0.505859375 0.625 0.49609375 0.61328125 0.48828125 0.595703125 0.490234375 0.556640625 0.49609375 0.548828125
0 0.62890625 0.5546875 0.638671875 0.5546875 0.64453125 0.560546875 0.64453125 0.568359375 0.642578125 0.5703125 0.64453125 0.591796875 0.630859375 0.591796875 0.626953125 0.58203125 0.626953125 0.55859375 0.62890625 0.556640625